NodeID,X,Y,osmID
0,-7.3293181,112.7449398,2305814946
1,-7.329334,112.7451111,2305814941
2,-7.3293446,112.7453043,1719578576
3,-7.3293583,112.7455035,2305814940
4,-7.329368,112.7458764,2305822287
5,-7.3293721,112.7459467,2320726184
6,-7.3292844,112.7459465,2320726181
7,-7.3292596,112.7455567,2305814949
8,-7.3292544,112.7454479,6901788141
9,-7.3284512,112.74471,2302704471
10,-7.3292135,112.7446577,2305814944
11,-7.3292108,112.7444944,3234302826
12,-7.3292032,112.7440242,2306391949
13,-7.3291751,112.7435005,2306391947
14,-7.3291621,112.7433264,3674401166
15,-7.32914,112.7431422,7440509998
16,-7.329118,112.742992,7440510001
17,-7.3290881,112.7428512,7440509999
18,-7.3290333,112.7425505,7440510000
19,-7.3290307,112.7424792,7652103751
20,-7.3273765,112.7319359,7689369225
21,-7.3273966,112.7319507,7689369226
22,-7.3274117,112.7319671,7689369227
23,-7.3274888,112.7320719,7689369228
24,-7.3275567,112.7322505,7627979129
25,-7.3275807,112.7323239,7627979128
26,-7.3275897,112.7323665,6009697552
27,-7.3276069,112.7325106,6009697553
28,-7.3276103,112.7326159,7627979127
29,-7.327603,112.7327822,6009697554
30,-7.3456707,112.7296259,1719642522
31,-7.3449877,112.7296299,5610534566
32,-7.3442515,112.7296393,4566409419
33,-7.3440932,112.7296413,1719642452
34,-7.3432519,112.7296681,5009822620
35,-7.3431529,112.7296703,4546015166
36,-7.3427817,112.7296669,7231967197
37,-7.3427365,112.729667,7231967206
38,-7.3423952,112.7296716,5610534564
39,-7.3421302,112.7296765,1719642295
40,-7.3416831,112.729684,5610534561
41,-7.3412947,112.7296936,7632262921
42,-7.3409219,112.7297009,1719642168
43,-7.3404514,112.7297232,7632262922
44,-7.3399672,112.7297607,5608527901
45,-7.3394591,112.729813,6722346448
46,-7.3389975,112.7298718,1719642020
47,-7.3387534,112.7299112,5608527907
48,-7.3374868,112.7300708,3826351305
49,-7.3373552,112.7299095,534580240
50,-7.3373692,112.7300852,1719641913
51,-7.3372673,112.7300964,3826351306
52,-7.3368281,112.7301644,6722346449
53,-7.3363958,112.7302314,6722346450
54,-7.3360008,112.7302985,6722346447
55,-7.3355758,112.7303669,4654980171
56,-7.3351432,112.730429,1719641713
57,-7.3345416,112.7305238,6722346446
58,-7.333987,112.7306165,3674468321
59,-7.3337078,112.7306539,4520332225
60,-7.3333751,112.7307048,7632262918
61,-7.3330005,112.7307643,3674468318
62,-7.3327526,112.7308014,7632262919
63,-7.331467,112.73102,1719578803
64,-7.3301512,112.7312912,5605824177
65,-7.3300125,112.7313204,4520332007
66,-7.3296175,112.7314103,3674468319
67,-7.328826,112.7315792,4650630349
68,-7.3284243,112.7316812,6734838243
69,-7.3279082,112.7317777,3674468322
70,-7.3274832,112.7318756,4643595664
71,-7.3274214,112.7318917,6009697551
72,-7.3273276,112.7319071,6737596570
73,-7.326176,112.731255,6463361209
74,-7.3264424,112.7310173,414289200
75,-7.326598,112.7308755,414289197
76,-7.3267252,112.730769,7612003336
77,-7.3268039,112.7307159,5460971512
78,-7.3269087,112.7306669,5603405158
79,-7.3269585,112.7306477,7612003338
80,-7.3269889,112.7306379,414289192
81,-7.3270875,112.730622,5460971511
82,-7.3271451,112.730623,7612003337
83,-7.3272063,112.730629,2913698667
84,-7.32729,112.7306398,7612003339
85,-7.3273728,112.7306572,6463361208
86,-7.3274407,112.7306841,7612003340
87,-7.3206169,112.7329757,6463361214
88,-7.3221367,112.73265,1722952332
89,-7.3234695,112.7323678,5603405161
90,-7.3257507,112.7318595,414289218
91,-7.3259196,112.7318233,7627979130
92,-7.3260606,112.7317724,2913698671
93,-7.3261617,112.7316986,414289210
94,-7.326312,112.7315229,6463361203
95,-7.3267111,112.7317391,3733180869
96,-7.3266286,112.731702,2913698677
97,-7.3265821,112.7316611,7627979132
98,-7.3265521,112.7316228,3733180868
99,-7.3264963,112.7315471,867732065
100,-7.326467,112.7314532,3733180867
101,-7.3264229,112.7313085,414289208
102,-7.3271341,112.731948,3826351307
103,-7.3251681,112.7323598,3043598492
104,-7.3240627,112.7326079,4643387406
105,-7.3231689,112.7327983,5603405188
106,-7.3221786,112.733042,5593927727
107,-7.3213393,112.7332449,5593927607
108,-7.3195679,112.7336004,5593927604
109,-7.3192998,112.7336561,3043598490
110,-7.3192429,112.7336686,4592143915
111,-7.3191255,112.7336941,4592143914
112,-7.3186961,112.7337734,7654786787
113,-7.3186208,112.7337873,7654786794
114,-7.317565,112.7339939,5593926588
115,-7.3175033,112.734008,5593927603
116,-7.3172143,112.7340777,3043598462
117,-7.3163301,112.7341438,3300055545
118,-7.3163592,112.7342699,3300055523
119,-7.3163673,112.7343115,3674456328
120,-7.3164544,112.7347628,5593927578
121,-7.3164753,112.7349314,3300055530
122,-7.3165126,112.7351694,3300060363
123,-7.3165531,112.7354175,3300055537
124,-7.316567,112.7355075,5593927579
125,-7.316641,112.7358051,3300055557
126,-7.3167248,112.7361222,3300055543
127,-7.3167534,112.7362624,3300055524
128,-7.3167834,112.7363824,3300055554
129,-7.3168178,112.7365537,7632374694
130,-7.3173846,112.7505686,3300055522
131,-7.3169796,112.7490941,1719471298
132,-7.3169131,112.7487186,3300055529
133,-7.3168971,112.7485456,7610952604
134,-7.3168931,112.7484034,271845234
135,-7.3169264,112.7482867,5595600469
136,-7.3169516,112.7482036,1719471269
137,-7.3174119,112.7471347,1719519739
138,-7.3176008,112.7466868,5594037310
139,-7.3178123,112.7461718,3300055517
140,-7.3178921,112.7459666,4588380375
141,-7.3180012,112.7457038,3300055532
142,-7.318057,112.7455375,5594037306
143,-7.3181062,112.7453953,3300055541
144,-7.3181355,112.7452894,5594037303
145,-7.3182233,112.7449125,1719519786
146,-7.3182619,112.7447489,5594037300
147,-7.3182978,112.7446067,3300055519
148,-7.3183111,112.7445169,6734325636
149,-7.3182991,112.7444056,271845232
150,-7.3182547,112.7440433,5594037299
151,-7.3182237,112.7438785,5594037267
152,-7.3181619,112.7435499,1719471316
153,-7.3179865,112.7425012,5594037259
154,-7.3178546,112.7417376,5594037278
155,-7.3177457,112.741159,5594037287
156,-7.3177369,112.7411128,5594037281
157,-7.3176592,112.7406456,5594037290
158,-7.3176235,112.740387,3300055539
159,-7.3175612,112.7400188,3300055556
160,-7.3174834,112.7396531,3300055546
161,-7.3173205,112.7389731,1719471303
162,-7.3173078,112.7389344,5593927580
163,-7.3171252,112.7384101,4590305864
164,-7.3171054,112.7381935,3300055547
165,-7.3170497,112.7377018,4590305770
166,-7.3168684,112.7369185,4590305827
167,-7.3168037,112.7366149,7016736255
168,-7.3167497,112.7365725,3300055538
169,-7.3167272,112.7364938,4416341013
170,-7.3166966,112.7363794,5593927740
171,-7.3166733,112.7362952,4416341011
172,-7.3166307,112.7361514,4416341012
173,-7.3165353,112.7358031,4416341010
174,-7.3164661,112.7355417,5593927745
175,-7.3164432,112.7354176,4416341009
176,-7.3164083,112.7351875,4416341008
177,-7.316379,112.7349682,4416341005
178,-7.3163464,112.7347054,7632374690
179,-7.31627,112.7342889,4416341007
180,-7.3162373,112.7341581,4484887238
181,-7.3275198,112.7354422,2306396603
182,-7.3274452,112.7351196,2306391916
183,-7.3274153,112.7349817,2306391915
184,-7.3273892,112.7348183,2306391914
185,-7.3273765,112.7346931,2306391913
186,-7.3269356,112.7350187,2306396604
187,-7.3270768,112.734815,2306396605
188,-7.3271511,112.7347131,2306396606
189,-7.3272298,112.7346142,279079277
190,-7.3273314,112.7345079,6737596579
191,-7.327366,112.7344811,1719520151
192,-7.3273555,112.7342399,271845658
193,-7.3273645,112.7339635,1719520153
194,-7.3273937,112.7335638,320088374
195,-7.3274616,112.7328182,320088377
196,-7.3274496,112.7325875,320088378
197,-7.3274084,112.7324184,320088379
198,-7.3273238,112.7321432,4643595658
199,-7.3272511,112.7319232,6737596569
200,-7.3271944,112.7318047,8229977483
201,-7.3271424,112.7316752,8229977482
202,-7.3270517,112.7317015,5009827928
203,-7.3268467,112.7317552,867732064
204,-7.3265102,112.7318454,3826351308
205,-7.3192813,112.7334073,414289251
206,-7.3192157,112.7334198,5411448246
207,-7.3190795,112.7334508,5411448245
208,-7.3189237,112.7334832,6463361215
209,-7.3181712,112.7336418,7702417941
210,-7.3163152,112.7340331,3300055521
211,-7.316222,112.7340553,414289253
212,-7.3161974,112.7339251,414289224
213,-7.3162879,112.7339076,3300055552
214,-7.3163676,112.7338916,3674456326
215,-7.3164866,112.7338651,6615354683
216,-7.3181406,112.7335082,7702417942
217,-7.3190543,112.733311,5411448247
218,-7.3191835,112.7332857,3802998997
219,-7.3192009,112.733282,414289221
220,-7.3186148,112.7292497,4540558668
221,-7.3190267,112.7289825,4540558676
222,-7.3196572,112.7286512,4540558677
223,-7.3198653,112.7285439,5593640949
224,-7.3202864,112.7283267,4540558678
225,-7.3204632,112.7282107,5593639546
226,-7.3205284,112.728185,4540558679
227,-7.3209847,112.7279498,4540558680
228,-7.3216361,112.7276008,5603340081
229,-7.3218527,112.7274848,4540558681
230,-7.32198,112.7274231,4540558682
231,-7.3293287,112.7270924,6738263563
232,-7.3294031,112.7270767,7612196613
233,-7.3361809,112.7295139,1517875731
234,-7.3363576,112.7294656,4674266002
235,-7.3365826,112.729404,867752006
236,-7.3370082,112.7293101,3733065922
237,-7.3373673,112.7292672,867752001
238,-7.3376232,112.7292609,4603097166
239,-7.3382426,112.7292457,1722953200
240,-7.3383342,112.7292461,1365167151
241,-7.3392989,112.7292366,1365167161
242,-7.3395913,112.7292243,1517895731
243,-7.3406269,112.7292404,7632262917
244,-7.3418427,112.7292538,4674266003
245,-7.3436822,112.7292525,534580448
246,-7.3440293,112.7292385,5610510370
247,-7.3440001,112.7291612,7217600876
248,-7.3439869,112.729126,6424687801
249,-7.3439742,112.7290807,7217600877
250,-7.339638,112.7290127,5608532979
251,-7.3402733,112.729006,5608532982
252,-7.3406906,112.7290016,5608532978
253,-7.3410666,112.7290009,7632262920
254,-7.3413214,112.728995,4674266004
255,-7.3416259,112.7289962,7634191025
256,-7.3418121,112.7289969,4674224724
257,-7.3424181,112.7290148,5009866789
258,-7.3431062,112.7290109,4674224723
259,-7.3436075,112.7290062,4566409418
260,-7.3438076,112.7289954,4694568261
261,-7.3439477,112.7289917,7217600881
262,-7.3439592,112.7290239,4674224722
263,-7.3439974,112.7290553,7217600879
264,-7.34402,112.7290727,6424685437
265,-7.3440772,112.7290995,7217600878
266,-7.3441663,112.729121,6424685438
267,-7.3443513,112.7291411,6424685439
268,-7.3444444,112.7291532,7607574005
269,-7.3445242,112.72918,7607574004
270,-7.3446093,112.7292182,5610510366
271,-7.3447503,112.7292517,7607574008
272,-7.3448381,112.7292538,7560733244
273,-7.3452145,112.7292256,7607574010
274,-7.3453495,112.7292109,7607574011
275,-7.3454645,112.7291907,7607574013
276,-7.3455324,112.729172,7607574006
277,-7.3455909,112.7291478,7607574007
278,-7.345638,112.7291518,876854867
279,-7.345669,112.7291686,1780837063
280,-7.3456873,112.729186,7607574012
281,-7.3456993,112.7292209,876854865
282,-7.3456965,112.7292618,1780837064
283,-7.345681,112.72929,7607574003
284,-7.3456566,112.7293074,3733065923
285,-7.3451645,112.7293557,534580441
286,-7.3440791,112.7293744,3733065924
287,-7.3433981,112.7293771,534580443
288,-7.3431754,112.7293779,5009827922
289,-7.3426293,112.7293798,702574470
290,-7.3409861,112.7293812,7632262925
291,-7.3386337,112.7293905,702574600
292,-7.3377451,112.7293986,660841718
293,-7.3374852,112.729408,7632262924
294,-7.3372671,112.7294295,271845661
295,-7.3368805,112.7294844,660841719
296,-7.3364523,112.7295783,660841720
297,-7.3342117,112.7301306,3733065913
298,-7.3339277,112.7301968,4520332227
299,-7.3337844,112.7302347,270392235
300,-7.3330671,112.7304028,3733065920
301,-7.3323283,112.7305432,3733065919
302,-7.3314145,112.7307598,1719578795
303,-7.3306264,112.7309442,7612029712
304,-7.3300012,112.7310891,4520332009
305,-7.3298117,112.7311367,4520332001
306,-7.3295077,112.7311964,3733065918
307,-7.3289024,112.7313465,1365167162
308,-7.3286568,112.731355,3733065914
309,-7.3285723,112.7313326,3679518295
310,-7.3285381,112.7312799,1365167153
311,-7.3285291,112.7312292,3679518293
312,-7.3285462,112.7311792,3679518294
313,-7.3285694,112.7311494,1365167158
314,-7.3286032,112.7311302,3733065915
315,-7.3286315,112.7311166,3733065916
316,-7.3287038,112.7310996,1365167164
317,-7.3288167,112.7311313,3733065917
318,-7.3288999,112.7311487,414289172
319,-7.3289614,112.7311544,7612029715
320,-7.3290478,112.7311511,414289169
321,-7.3297614,112.7309907,867751551
322,-7.329936,112.7309535,867751596
323,-7.3306191,112.7308081,6722346445
324,-7.3314191,112.730623,4600899717
325,-7.3317909,112.7305412,5605824187
326,-7.3320975,112.7304748,4600899727
327,-7.332589,112.7303622,4600899743
328,-7.3330622,112.7302691,867752010
329,-7.3333392,112.7302167,7632262923
330,-7.3337268,112.7301344,3733065921
331,-7.3339044,112.7300921,4520332226
332,-7.3344365,112.7299459,6722346444
333,-7.3350633,112.7297996,4518673795
334,-7.3354389,112.7296994,4674266000
335,-7.3297322,112.7307908,5605824176
336,-7.3297958,112.7307722,5605824175
337,-7.3296939,112.7299129,7611873965
338,-7.3297319,112.7301791,867732077
339,-7.3297771,112.7304352,5605824192
340,-7.3298424,112.7307572,4694568258
341,-7.32987,112.7307482,5605824174
342,-7.3299212,112.730733,5605824173
343,-7.3301844,112.7306765,8157225469
344,-7.3301994,112.7306733,7612003341
345,-7.3311032,112.730442,5604000205
346,-7.3314521,112.7303565,4674224734
347,-7.3317949,112.7302796,7799681948
348,-7.3318661,112.7302636,7612003342
349,-7.3322917,112.7301624,4674224733
350,-7.3324046,112.7301466,5009856305
351,-7.3327683,112.7300737,4674224732
352,-7.333315,112.7299709,5604000219
353,-7.3336293,112.729899,4684809218
354,-7.3337563,112.7298743,4684809930
355,-7.3338813,112.7298499,4986671005
356,-7.3341238,112.7297962,4986671002
357,-7.3341876,112.7297825,4674224731
358,-7.3350986,112.7295783,4674224730
359,-7.3357471,112.7294219,4674265999
360,-7.3359875,112.7293637,7634584039
361,-7.3360681,112.7293433,4674224729
362,-7.3363244,112.7292815,4674266001
363,-7.3368374,112.7291598,4674224728
364,-7.3371023,112.7291105,5009863788
365,-7.3374471,112.729077,4603097165
366,-7.3381833,112.7290449,4674224726
367,-7.3386967,112.7290311,4986675646
368,-7.3395474,112.7290136,4986668932
369,-7.3395169,112.7287611,4986675641
370,-7.3394498,112.72826,7632334614
371,-7.3394222,112.7279646,7632333668
372,-7.3394192,112.7278791,5608532973
373,-7.3394126,112.7277209,1517895733
374,-7.3394059,112.727277,7632334613
375,-7.339366,112.7266869,1722953245
376,-7.3393474,112.7265125,4568169278
377,-7.3393115,112.7262088,1517895703
378,-7.3392064,112.7257656,1517895688
379,-7.3391565,112.7255831,8189257602
380,-7.3390218,112.7250909,7927543843
381,-7.3390009,112.7250145,4617496773
382,-7.3388943,112.7245292,8189257610
383,-7.3388526,112.7243393,7632334612
384,-7.3388273,112.7242317,7632334611
385,-7.338794,112.7241375,5608852687
386,-7.3387648,112.7240801,1517875728
387,-7.3387571,112.7240674,5608852686
388,-7.3387196,112.7240117,5608852685
389,-7.3387099,112.7239933,4518674030
390,-7.3386983,112.7239708,5608852684
391,-7.3386737,112.7239246,7632334610
392,-7.3386447,112.723884,1517895701
393,-7.3385439,112.7237418,7635373305
394,-7.3384346,112.7235946,7635371911
395,-7.3383352,112.7234562,867751308
396,-7.3382873,112.7233247,7632334608
397,-7.3382607,112.7232161,7632334609
398,-7.3382181,112.7229506,6790811916
399,-7.3381183,112.7224222,4518673846
400,-7.3379292,112.7218024,1722953192
401,-7.337902,112.7216799,4518673836
402,-7.3377943,112.7211951,1722953187
403,-7.3376899,112.7207502,1722953180
404,-7.3375843,112.7203,1722953173
405,-7.3375687,112.7202336,876873840
406,-7.3375317,112.7197169,1722953172
407,-7.3374625,112.7192422,5010049439
408,-7.3288921,112.7202683,7053520445
409,-7.3299202,112.7200548,1090707260
410,-7.3311903,112.7199946,867751353
411,-7.3333068,112.7197819,867751343
412,-7.3343567,112.7195623,867732073
413,-7.3354141,112.7193865,4486244473
414,-7.3356462,112.7193431,867732072
415,-7.335773,112.7193192,4520332251
416,-7.33603,112.7192733,1722953092
417,-7.3374261,112.7190167,867732071
418,-7.3374427,112.7191057,4518673832
419,-7.3373201,112.7191263,5010049440
420,-7.336047,112.7193743,4518673819
421,-7.3358094,112.7194133,4520332253
422,-7.3356903,112.7194332,4518673815
423,-7.3354531,112.7194715,4518673812
424,-7.3350531,112.7195355,4518673785
425,-7.3343428,112.7196749,4518673747
426,-7.3336937,112.7198091,4518673734
427,-7.3333157,112.7198873,4518673730
428,-7.3312043,112.7201182,4518673692
429,-7.3305526,112.7201289,4518673520
430,-7.3303131,112.7201423,7648457794
431,-7.3300684,112.7201638,7648457793
432,-7.3299088,112.7201959,4518673426
433,-7.3289212,112.7203862,7051508307
434,-7.3288044,112.720409,4640352656
435,-7.3287452,112.7204208,4640352654
436,-7.3291742,112.7237888,7614561244
437,-7.3291577,112.7237907,7614561245
438,-7.3291366,112.7237935,7614561246
439,-7.329094,112.7237977,7614561247
440,-7.3291978,112.7254032,7845985631
441,-7.3291944,112.7253418,867751557
442,-7.3291772,112.7251564,4520311127
443,-7.3291727,112.7250219,7612196609
444,-7.3291633,112.724851,1722952825
445,-7.3291366,112.7244962,4520311096
446,-7.329088,112.7240832,867751201
447,-7.3290641,112.7237994,7614561248
448,-7.3290631,112.7237887,7851750714
449,-7.3290254,112.7233782,1722952786
450,-7.3290227,112.7233435,4520310937
451,-7.3289348,112.7224235,867751560
452,-7.3289262,112.7223516,7628955725
453,-7.3287949,112.7212277,1722952773
454,-7.3287585,112.7207851,867751563
455,-7.3287159,112.7204267,4518673351
456,-7.3287013,112.7203043,867751565
457,-7.3287354,112.7202979,4640352653
458,-7.3287834,112.7202889,4640352655
459,-7.3288114,112.7202837,4520310710
460,-7.3282436,112.7155934,417277486
461,-7.328352,112.7164729,1722952732
462,-7.3284173,112.7170771,1722952737
463,-7.3284958,112.7176596,867751567
464,-7.3285185,112.7179077,4481230127
465,-7.3285265,112.718002,1361078018
466,-7.3285552,112.7183391,1722952740
467,-7.3286412,112.7190352,1722952748
468,-7.3286852,112.719311,1722952750
469,-7.3287203,112.7196105,1722952752
470,-7.3287894,112.7200256,4520310693
471,-7.3288332,112.7202805,867732074
472,-7.3288463,112.7203998,4518673352
473,-7.3289011,112.7210584,1722952774
474,-7.3289657,112.7216752,7648530614
475,-7.3290245,112.7221784,7648530616
476,-7.3290438,112.7223347,1722952778
477,-7.3291003,112.7229229,4518673353
478,-7.3291149,112.7230703,867732075
479,-7.3291365,112.7232419,5604000197
480,-7.3291492,112.7233427,5604000185
481,-7.3291505,112.7233693,5604000184
482,-7.3291926,112.7237867,867751229
483,-7.3292032,112.7238684,7633988453
484,-7.3292246,112.7240622,7612196604
485,-7.329237,112.724179,867751214
486,-7.3292887,112.7248303,7634091860
487,-7.3293044,112.7250202,7845835330
488,-7.3293054,112.7250407,1722952833
489,-7.3293155,112.7251755,4518673355
490,-7.3293312,112.7253238,7612196610
491,-7.3293701,112.7256918,4518673358
492,-7.3293933,112.7261893,867732076
493,-7.3294376,112.7270705,6738263564
494,-7.3294542,112.7274845,7625870351
495,-7.3294548,112.7274983,5604000170
496,-7.3294549,112.7275303,4546052649
497,-7.3294549,112.7275677,4546052650
498,-7.3294742,112.7280278,7614575746
499,-7.3294785,112.7281303,5604002326
500,-7.3294978,112.7283307,7634079554
501,-7.3295,112.728353,7614575745
502,-7.3295425,112.7287931,7634079561
503,-7.3295461,112.7288306,7249093204
504,-7.3295975,112.7292145,7611232752
505,-7.3296514,112.7296145,5604000187
506,-7.329669,112.7297381,7634336840
507,-7.3295932,112.729752,7634336842
508,-7.3283688,112.7309419,2913698674
509,-7.3285833,112.7309626,5603405157
510,-7.3286987,112.7309698,4674224739
511,-7.3287751,112.7309726,4674224738
512,-7.3289238,112.7309648,5603635567
513,-7.3290603,112.730934,4674224737
514,-7.3297146,112.7307947,4674224736
515,-7.3296215,112.7302294,7611232753
516,-7.3295713,112.7299341,7634091861
517,-7.3295418,112.7297604,7634336841
518,-7.329521,112.729638,5604000178
519,-7.3294688,112.729236,7634350439
520,-7.3294186,112.7288501,5604000177
521,-7.3293547,112.7283593,4520311199
522,-7.3293219,112.7280423,7614575747
523,-7.3293155,112.7279831,867751554
524,-7.3292952,112.7275081,5604000179
525,-7.3293014,112.7273306,4520311185
526,-7.3293039,112.7271997,4520311183
527,-7.3293066,112.7270973,6738263565
528,-7.3293062,112.7269632,4520311179
529,-7.3292284,112.7258446,4520311157
530,-7.3292227,112.7257682,886386157
531,-7.3288669,112.7258195,1722952817
532,-7.3283093,112.7259124,5340226239
533,-7.3277267,112.7260123,7612127943
534,-7.3273315,112.7260907,5340226240
535,-7.3268478,112.726179,7612127944
536,-7.3256789,112.7263967,4592201298
537,-7.3256129,112.7264095,8596119331
538,-7.3255389,112.7264238,8596119337
539,-7.3255106,112.7264293,886386202
540,-7.3253979,112.7264447,5603613507
541,-7.3253371,112.7264484,1722952506
542,-7.3252386,112.7264316,5340226241
543,-7.3251864,112.7264192,886386201
544,-7.3182073,112.7223015,7270991806
545,-7.317897,112.7223602,7270991810
546,-7.3174641,112.7224448,7270991809
547,-7.3171232,112.7225107,7270991808
548,-7.3168173,112.7225415,7270991807
549,-7.3167361,112.7225288,7270991799
550,-7.3166783,112.7225167,7270991797
551,-7.3166264,112.7224959,7270991798
552,-7.308157,112.7255671,1517895736
553,-7.3082222,112.7255221,7286967854
554,-7.3082941,112.7254926,7286967855
555,-7.3091835,112.7252136,7287422980
556,-7.309507,112.7251121,1517895694
557,-7.3097856,112.7249782,1722907210
558,-7.3098688,112.7249166,1722907240
559,-7.3101543,112.7246826,7287280123
560,-7.3102076,112.7246437,7287280122
561,-7.3102754,112.7246156,1517895726
562,-7.3106227,112.7244843,5587442684
563,-7.3107046,112.7244534,1722907399
564,-7.3115203,112.7241529,4540754363
565,-7.3125906,112.7237606,7287259000
566,-7.3126376,112.7237421,4540754856
567,-7.3127633,112.7236959,1517895738
568,-7.3133831,112.7234794,1722907813
569,-7.3141539,112.7232134,1722907981
570,-7.3146091,112.7230551,1722908051
571,-7.3151151,112.7228794,1517895725
572,-7.3155854,112.7227386,1722908254
573,-7.3162822,112.72253,7278865467
574,-7.316299,112.722525,1722908362
575,-7.3164738,112.7224704,5593640986
576,-7.3165459,112.7224514,7270991803
577,-7.3165872,112.7224349,1517895739
578,-7.3166178,112.7224527,7270991796
579,-7.3166936,112.7224611,1722908393
580,-7.3167927,112.7224684,7270991795
581,-7.3169437,112.7224624,7270991794
582,-7.3171498,112.7224249,2419090152
583,-7.3174465,112.7223605,1722908471
584,-7.3179122,112.7222766,1722908510
585,-7.3181834,112.7222331,7270991805
586,-7.3183018,112.7222371,1722908521
587,-7.3183699,112.7222194,5593640969
588,-7.3185335,112.7221853,1520847153
589,-7.3188049,112.722141,1722908549
590,-7.3203924,112.7218776,1520847135
591,-7.3208743,112.7217636,1722908598
592,-7.321237,112.7216734,1722908609
593,-7.3214434,112.7216238,1722908614
594,-7.3215995,112.7215828,1722908621
595,-7.3226058,112.7213454,1722908636
596,-7.3227904,112.7212956,1722908645
597,-7.3229169,112.7212631,5593640965
598,-7.3233913,112.7211612,7648451142
599,-7.3233982,112.7211611,7648451139
600,-7.3234036,112.7211627,1722908648
601,-7.32341,112.7211698,7648451141
602,-7.3234155,112.7211828,7648451140
603,-7.3234363,112.7212477,7648451145
604,-7.323618,112.7216634,5593640962
605,-7.3236818,112.7218415,4520306464
606,-7.3237708,112.7220795,7648451138
607,-7.3239131,112.7225047,4520306471
608,-7.3241537,112.7231581,4520306595
609,-7.3243138,112.7235792,7612127946
610,-7.3244222,112.7239018,4520306659
611,-7.324528,112.7242595,7612127945
612,-7.3245988,112.7245126,4520306716
613,-7.3246626,112.7247638,4520306762
614,-7.3248101,112.7253387,4520306863
615,-7.3248869,112.7256359,5603340728
616,-7.3249707,112.7259426,7611629025
617,-7.3250494,112.7262286,4520307036
618,-7.3251019,112.7263929,886386196
619,-7.3250457,112.7264026,8049065046
620,-7.3248705,112.7264323,5603340084
621,-7.3247494,112.7264562,4520306830
622,-7.3246111,112.7264824,886386193
623,-7.3243425,112.7265403,5603340077
624,-7.3242747,112.7265548,5603340096
625,-7.3239546,112.7266233,1722952461
626,-7.3235979,112.7267016,1722952444
627,-7.3231628,112.7268049,886386191
628,-7.3230725,112.7268425,5601639085
629,-7.3230163,112.7268775,1722952398
630,-7.3225741,112.7271415,1722952363
631,-7.3221602,112.7273607,4603056133
632,-7.3221004,112.7274006,5593639610
633,-7.3219913,112.7274953,1722952325
634,-7.3212749,112.7279008,1722952299
635,-7.3208903,112.7281077,886386188
636,-7.3205463,112.7282879,5593639544
637,-7.3204863,112.7283192,5593639545
638,-7.3186388,112.7293154,1722952221
639,-7.3185931,112.7293503,5593639611
640,-7.3185278,112.7293118,5593639612
641,-7.3185408,112.7293957,886386187
642,-7.3185937,112.7299369,886386184
643,-7.3186005,112.7300103,3802998998
644,-7.3186105,112.7300632,5593639609
645,-7.3187293,112.73075,5593927771
646,-7.3188283,112.7312614,5593927774
647,-7.3189037,112.7316247,5593639592
648,-7.3189455,112.731837,5593927611
649,-7.319083,112.7325606,5593927534
650,-7.3191018,112.7326484,5593926582
651,-7.3191856,112.7330581,4674239651
652,-7.3199505,112.7328882,5593639593
653,-7.3207958,112.7327095,5593639598
654,-7.3210094,112.732676,5593639584
655,-7.3219242,112.7324832,5603405199
656,-7.3221225,112.7324414,4674239650
657,-7.3234099,112.7321639,4674239649
658,-7.3244933,112.7319289,4603096714
659,-7.3252365,112.7317701,4674224742
660,-7.3253501,112.7317456,4674224741
661,-7.3256263,112.7316576,5460971510
662,-7.3257547,112.7315966,5460968827
663,-7.3259161,112.7314966,7645205449
664,-7.3259429,112.73148,5603405155
665,-7.3260606,112.7314518,7627979131
666,-7.3261897,112.7313969,6463361212
667,-7.3262788,112.7313513,7628166082
668,-7.3263466,112.731303,6463361211
669,-7.3264594,112.7312262,6463361210
670,-7.3265132,112.7311348,7612029713
671,-7.3265604,112.7310557,7560771336
672,-7.3266233,112.7309835,7612029714
673,-7.3266843,112.7309298,6463361206
674,-7.3267413,112.7308983,7560771337
675,-7.3268368,112.7308565,6463361205
676,-7.3269578,112.7308041,6463361202
677,-7.3270736,112.7307799,7612029711
678,-7.3271966,112.7307706,6463361204
679,-7.3275642,112.7307601,2913698672
680,-7.3277725,112.7307916,6790811913
681,-7.3280169,112.7308285,5603635572
682,-7.3282613,112.7309059,414289180
683,-7.3283938,112.7310176,3733180872
684,-7.328423,112.7310844,1365167155
685,-7.328439,112.7311487,2913698668
686,-7.3284323,112.7312265,3733180870
687,-7.328411,112.7313177,1365167160
688,-7.3283738,112.7313781,3733180871
689,-7.3283033,112.7314508,1365167148
690,-7.3273897,112.7316088,4650630321
691,-7.3272699,112.731641,4650630318
692,-7.3272206,112.7316532,5603405160
693,-7.3271864,112.7316624,414289246
694,-7.3272336,112.7317963,821531325
695,-7.3272658,112.7318598,6737596571
696,-7.3272924,112.7319125,1650925287
697,-7.3273935,112.7321237,6009697550
698,-7.3274759,112.7323946,6009697549
699,-7.3275145,112.7325784,6009697548
700,-7.3275291,112.7328131,6009697547
701,-7.3275345,112.7331322,6009697555
702,-7.3274945,112.7335668,6009697556
703,-7.327464,112.733961,6009697546
704,-7.3274606,112.7342345,6009697557
705,-7.3274743,112.7344751,3234302817
706,-7.3275068,112.7347659,320088373
707,-7.3275322,112.7348963,2306391912
708,-7.3275631,112.7350739,2306391911
709,-7.3276221,112.7353333,320088372
710,-7.3267756,112.7354175,7628878468
711,-7.3268095,112.7354322,6956495491
712,-7.3268381,112.7354611,2306396610
713,-7.3268474,112.7354825,3674401161
714,-7.3268521,112.7354973,2306396609
715,-7.3268594,112.7355275,2306396608
716,-7.3275278,112.7358654,6956492280
717,-7.3274653,112.7358231,1719510022
718,-7.3285657,112.7403259,2306391938
719,-7.3284453,112.7397208,2306391954
720,-7.3283998,112.7395187,6009697533
721,-7.3279151,112.737146,1719510050
722,-7.3276424,112.7359237,271845657
723,-7.3275731,112.7356738,3674401169
724,-7.3275444,112.7356968,2306396590
725,-7.3275092,112.7357186,2306396589
726,-7.3274559,112.7357341,2306396588
727,-7.3273927,112.735734,2306396587
728,-7.3271873,112.7356066,6956492281
729,-7.3270452,112.7355641,1719509994
730,-7.326962,112.7355639,2306391910
731,-7.3268634,112.7355811,1719509977
732,-7.3268527,112.7355891,7628878464
733,-7.3268381,112.7356032,7628878466
734,-7.3268242,112.735626,7628878465
735,-7.3263423,112.7365195,6715011524
736,-7.3243319,112.7400468,1719509846
737,-7.3233226,112.7419221,5603456335
738,-7.3230508,112.7423709,5603456343
739,-7.3227651,112.7429043,4574563657
740,-7.3225119,112.7433425,1719509778
741,-7.3221508,112.7440061,1685016505
742,-7.3213671,112.7453585,5603478717
743,-7.321127,112.7458095,5594037296
744,-7.3209123,112.7456942,5594037297
745,-7.3217975,112.7441159,6734325608
746,-7.3226866,112.7425192,5603456348
747,-7.3232105,112.7415958,1719520011
748,-7.3234592,112.7411092,1719520024
749,-7.3234748,112.7410812,5603434515
750,-7.3236462,112.7407749,1719520028
751,-7.323659,112.740751,5603434506
752,-7.3238837,112.7403293,3375058707
753,-7.3241377,112.7398939,1719520051
754,-7.3247778,112.7387863,279079280
755,-7.3256088,112.7373069,279079278
756,-7.3261303,112.7363909,1719520108
757,-7.3265674,112.7356448,6734436383
758,-7.3266364,112.7355413,6901788107
759,-7.3267295,112.7354077,7628878469
760,-7.3267706,112.7353726,7628878467
761,-7.3267969,112.7353571,2306396602
762,-7.3268385,112.7353471,3674401157
763,-7.3268767,112.7353471,6956495492
764,-7.3269585,112.7353565,2306396601
765,-7.3270489,112.7353632,2306396600
766,-7.3271613,112.7353806,2306396599
767,-7.3272944,112.7354155,2306396598
768,-7.3274048,112.7354591,2306396597
769,-7.327535,112.7355077,3674401170
770,-7.327659,112.735505,2306396594
771,-7.3276806,112.7356123,7627979126
772,-7.3277032,112.7357136,2306396595
773,-7.327791,112.7361456,2306391909
774,-7.3278564,112.7364917,6009697558
775,-7.3279056,112.7367351,7628259617
776,-7.328466,112.7395052,1719578493
777,-7.3286282,112.7403081,3674401162
778,-7.3286269,112.7404738,3674401159
779,-7.328654,112.7406008,5606061271
780,-7.3287219,112.7409636,1719510066
781,-7.3288208,112.7414006,4624721810
782,-7.3288696,112.7416327,1719510067
783,-7.3290345,112.7424161,5606061273
784,-7.3290639,112.7424643,7652103750
785,-7.3290934,112.7425456,3674401168
786,-7.329161,112.7428325,2306391943
787,-7.3291884,112.7429808,2306391944
788,-7.3292073,112.7431346,2306391945
789,-7.3292269,112.7433135,2306391946
790,-7.3292355,112.7433957,2320721613
791,-7.3292406,112.7434485,7065586158
792,-7.3292543,112.7437123,4580686945
793,-7.3292657,112.7440194,2306391903
794,-7.3292858,112.7446497,2623237977
795,-7.3292929,112.7447383,2302694685
796,-7.3292209,112.7447446,2305814948
797,-7.3290225,112.744767,3234302821
798,-7.3284265,112.7448155,2302704469
799,-7.3282448,112.7448348,6734808418
800,-7.325836,112.7449527,2302704467
801,-7.3271065,112.7448348,2302706433
802,-7.3271185,112.7449525,2302706435
803,-7.3258176,112.7450885,2302704464
804,-7.3230735,112.7451739,1719509810
805,-7.3237213,112.7451349,2302704462
806,-7.3245449,112.7450639,2302706441
807,-7.3245544,112.7451925,2302706443
808,-7.3237409,112.7452595,1719509828
809,-7.3231021,112.7453114,2302704460
810,-7.3221678,112.745571,2302694687
811,-7.3222897,112.7454167,5603479923
812,-7.3223455,112.7453551,6734330501
813,-7.3223921,112.7453189,6734330499
814,-7.3224491,112.7452975,2302694686
815,-7.32289,112.745201,2302706439
816,-7.3229101,112.7453329,2302706437
817,-7.3225344,112.7454021,271845654
818,-7.3224546,112.7454422,6734330498
819,-7.3224025,112.7454907,2302704458
820,-7.3222925,112.7456048,271845651
821,-7.3218599,112.7461002,2302737059
822,-7.3219797,112.7461521,2302737058